0 202.09619688975232 46.058188545734474 181.60660480890368 211.60657434312864 214.55247216677628 208.27734419946975 49.84648595862346 226.3069918149661 216.37160999631615 222.36791216029064 54.40815560459944 161.60662352104626 161.60665398329914 235.91767942104107 235.91767942104107
202.09619688975232 0 190.8859286091773 22.419436361586985 14.142498217558451 22.40949210129734 30.000000001862645 170.88594094621962 30.0 40.0 22.44153839055056 160.88601006599654 41.792490270465684 41.792490270465684 40.0 40.0
46.058188545734474 190.8859286091773 0 170.0324817945572 200.03248267895418 202.94847835579336 196.742506775775 20.10578412186941 214.70296724471876 204.8367427753917 210.77792823074415 30.10539199382983 150.03250062304528 150.03250062304528 224.31365523851406 224.313639979725
181.60660480890368 22.419436361586985 170.0324817945572 0 30.0 34.98538395417023 28.349857543434933 150.18582271212176 46.757379837990825 36.43601429828096 42.85702792553753 140.185823002923 20.105814642683526 20.10578412511216 56.34162538522553 56.34162538522553
211.60657434312864 14.142498217558451 200.03248267895418 30.0 0 36.07921148233587 22.406800068767506 180.18582768988315 41.28367740414713 31.68533913737438 30.0 170.18582773291973 50.10536875697597 50.105338239397845 51.02890345077252 51.02890345077252
214.55247216677628 22.40949210129734 202.94847835579336 34.98538395417023 36.07921148233587 0 51.05796732171664 183.26261690831868 14.15553927469279 60.879798390374255 19.999984744470567 173.26265999482538 54.59658416383889 54.59658413427477 22.441537956208393 22.441537956208393
208.27734419946975 30.000000001862645 196.742506775775 28.349857543434933 22.406800068767506 51.05796732171664 0 183.26261690831868 60.0 10.000000227242658 51.264060481969125 166.18018272584692 46.169773554562276 46.169773554562276 70.0 69.99998474214229
49.84648595862346 170.88594094621962 20.10578412186941 150.18582271212176 180.18582768988315 183.26261690831868 183.26261690831868 0 194.7029859941409 184.83683430754974 190.77791041739155 10.107679638170016 130.032504893113 130.03252015190205 204.31362983364747 204.31367561001466
226.3069918149661 30.0 214.70296724471876 46.757379837990825 41.28367740414713 14.15553927469279 60.0 194.7029859941409 0 184.83683430761712 14.142498484783196 184.82732651145952 66.24408447931188 66.24408447931188 10.000000000931326 10.000000000000004
216.37160999631615 40.0 204.8367427753917 36.43601429828096 31.68533913737438 60.879798390374255 10.000000227242658 184.83683430754974 184.83683430761712 0 60.89398503116677 174.1729394353442 54.36521897758517 54.36521897758517 80.00000000093132 80.0
222.36791216029064 22.44153839055056 210.77792823074415 42.85702792553753 30.0 19.999984744470567 51.264060481969125 190.77791041739155 14.142498484783196 60.89398503116677 0 174.1729450966612 61.95172173454295 61.9516978765944 22.409497270131126 22.409497270131126
54.40815560459944 160.88601006599654 30.10539199382983 140.185823002923 170.18582773291973 173.26265999482538 166.18018272584692 10.107679638170016 184.82732651145952 174.1729394353442 174.1729450966612 0 61.95174559354465 120.0324926289863 194.31363247714884 194.31364773593785
161.60662352104626 41.792490270465684 150.03250062304528 20.105814642683526 50.10536875697597 54.59658416383889 46.169773554562276 130.032504893113 66.24408447931188 54.36521897758517 61.95172173454295 61.95174559354465 0 1.52587890625e-05 75.39275238036701 75.39272187763237
161.60665398329914 41.792490270465684 150.03250062304528 20.10578412511216 50.105338239397845 54.59658413427477 46.169773554562276 130.03252015190205 66.24408447931188 54.36521897758517 61.9516978765944 120.0324926289863 1.52587890625e-05 0 75.39275238036701 75.39275238036701
235.91767942104107 40.0 224.31365523851406 56.34162538522553 51.02890345077252 22.441537956208393 70.0 204.31362983364747 10.000000000931326 80.00000000093132 22.409497270131126 194.31363247714884 75.39275238036701 75.39275238036701 0 3.145679951099183e-05
235.91767942104107 40.0 224.313639979725 56.34162538522553 51.02890345077252 22.441537956208393 69.99998474214229 204.31367561001466 10.000000000000004 80.0 22.409497270131126 194.31364773593785 75.39272187763237 75.39275238036701 3.145679951099183e-05 0
