0 96.17624119142305 96.17625634885307 102.84342967009249 303.02268647222013 222.61952485556608
96.17624119142305 0 102.84346013234537 108.90620847114106 108.90619845339862 130.084831172074
96.17625634885307 102.84346013234537 0 120.08477629989355 206.0623102919624 120.08477629989355
102.84342967009249 108.90620847114106 120.08477629989355 0 115.0 198.11109543939023
303.02268647222013 108.90619845339862 206.0623102919624 115.0 0 102.10533659085547
222.61952485556608 130.084831172074 120.08477629989355 198.11109543939023 102.10533659085547 0
